7 7 7
84
1 2 2
1 1 3
1 1 3
1 1 2
1 1 2
1 2 2
1 1 3
1 1 3
1 1 2
1 1 2
1 2 2
1 1 3
1 1 3
1 1 2
1 1 2
1 2 2
1 1 3
1 1 3
1 1 2
1 1 2
1 2 2
1 1 3
1 1 3
1 1 2
1 1 2
1 1 2
1 1 2
1 2 2
1 1 3
1 1 3
1 1 2
1 1 2
1 2 2
1 1 3
1 1 3
1 1 2
1 1 2
1 2 2
1 1 3
1 1 3
1 1 2
1 1 2
1 2 2
1 1 3
1 1 3
1 1 2
1 1 2
1 2 2
1 1 3
1 1 3
1 1 2
1 1 2
1 1 2
1 1 2
1 1 1
1 5 5
7 7 2
1 1 3
1 1 3
1 1 2
1 1 2
1 2 2
1 1 3
1 1 3
1 1 2
1 1 2
1 2 2
1 1 3
1 1 3
1 1 2
1 1 2
1 1 2
1 1 2
1 1 1
1 1 2
1 2 2
1 1 3
1 1 3
1 1 2
1 1 2
1 2 2
1 1 3
1 1 3
1 1 1
